[([[2.50000678e-21, 6.25004753e-11, 1.33332731e-01, 1.33332731e-01,
        1.33332731e-01, 2.44865887e-06, 6.24095944e-16, 1.99998800e-01,
        1.99998800e-01, 1.99998800e-01],
       [6.25002671e-11, 1.56251432e-20, 3.33332347e-01, 3.33332347e-01,
        3.33332347e-01, 6.12165673e-16, 1.56024229e-15, 4.99997782e-11,
        4.99997782e-11, 4.99997782e-11],
       [1.33332681e-01, 3.33333333e-01, 7.11102489e-02, 7.11102489e-02,
        7.11102489e-02, 1.30594147e-06, 3.32848638e-06, 1.06665216e-01,
        1.06665216e-01, 1.06665216e-01],
       [1.33332681e-01, 3.33333333e-01, 7.11102489e-02, 7.11102489e-02,
        7.11102489e-02, 1.30594147e-06, 3.32848638e-06, 1.06665216e-01,
        1.06665216e-01, 1.06665216e-01],
       [1.33332681e-01, 3.33333333e-01, 7.11102489e-02, 7.11102489e-02,
        7.11102489e-02, 1.30594147e-06, 3.32848638e-06, 1.06665216e-01,
        1.06665216e-01, 1.06665216e-01],
       [4.00570521e-06, 1.00143120e-15, 2.13636066e-06, 2.13636066e-06,
        2.13636066e-06, 3.92343159e-11, 9.99975036e-01, 3.20453625e-06,
        3.20453625e-06, 3.20453625e-06],
       [1.02095731e-15, 2.55240576e-15, 5.44506628e-06, 5.44506628e-06,
        5.44506628e-06, 9.99987757e-01, 2.54869435e-10, 8.16758734e-06,
        8.16758734e-06, 8.16758734e-06],
       [1.99999317e-01, 5.00000739e-11, 1.06665531e-01, 1.06665531e-01,
        1.06665531e-01, 1.95891509e-06, 4.99273696e-06, 1.59998060e-01,
        1.59998060e-01, 1.59998060e-01],
       [1.99999317e-01, 5.00000739e-11, 1.06665531e-01, 1.06665531e-01,
        1.06665531e-01, 1.95891509e-06, 4.99273696e-06, 1.59998060e-01,
        1.59998060e-01, 1.59998060e-01],
       [1.99999317e-01, 5.00000739e-11, 1.06665531e-01, 1.06665531e-01,
        1.06665531e-01, 1.95891509e-06, 4.99273696e-06, 1.59998060e-01,
        1.59998060e-01, 1.59998060e-01]]), ([[2.49996831e-21, 1.24999734e-10, 9.99990201e-02, 9.99990201e-02,
        4.86552905e-06, 4.86552905e-06, 1.99997972e-01, 1.99997972e-01,
        1.99997972e-01, 1.99997972e-01],
       [1.24999598e-10, 6.25004581e-20, 4.99999829e-01, 4.99999829e-01,
        2.43278753e-15, 2.43278753e-15, 9.99999318e-11, 9.99999318e-11,
        9.99999318e-11, 9.99999318e-11],
       [9.99989452e-02, 5.00000000e-01, 3.99996931e-02, 3.99996931e-02,
        1.94621576e-06, 1.94621576e-06, 7.99993589e-02, 7.99993589e-02,
        7.99993589e-02, 7.99993589e-02],
       [9.99989452e-02, 5.00000000e-01, 3.99996931e-02, 3.99996931e-02,
        1.94621576e-06, 1.94621576e-06, 7.99993589e-02, 7.99993589e-02,
        7.99993589e-02, 7.99993589e-02],
       [5.13799727e-06, 2.56902573e-15, 2.05520482e-06, 2.05520482e-06,
        9.99975672e-11, 9.99975672e-01, 4.11040823e-06, 4.11040823e-06,
        4.11040823e-06, 4.11040823e-06],
       [5.13799727e-06, 2.56902573e-15, 2.05520482e-06, 2.05520482e-06,
        9.99975672e-01, 9.99975672e-11, 4.11040823e-06, 4.11040823e-06,
        4.11040823e-06, 4.11040823e-06],
       [1.99997958e-01, 1.00000034e-10, 7.99994134e-02, 7.99994134e-02,
        3.89243284e-06, 3.89243284e-06, 1.59998772e-01, 1.59998772e-01,
        1.59998772e-01, 1.59998772e-01],
       [1.99997958e-01, 1.00000034e-10, 7.99994134e-02, 7.99994134e-02,
        3.89243284e-06, 3.89243284e-06, 1.59998772e-01, 1.59998772e-01,
        1.59998772e-01, 1.59998772e-01],
       [1.99997958e-01, 1.00000034e-10, 7.99994134e-02, 7.99994134e-02,
        3.89243284e-06, 3.89243284e-06, 1.59998772e-01, 1.59998772e-01,
        1.59998772e-01, 1.59998772e-01],
       [1.99997958e-01, 1.00000034e-10, 7.99994134e-02, 7.99994134e-02,
        3.89243284e-06, 3.89243284e-06, 1.59998772e-01, 1.59998772e-01,
        1.59998772e-01, 1.59998772e-01]]), ([[4.99646743e-21, 2.12131837e-07, 2.12131837e-07, 2.39279843e-04,
        2.39279843e-04, 3.45378083e-06, 9.01723263e-16, 3.33173079e-01,
        3.33173079e-01, 3.33173079e-01],
       [2.08662752e-07, 8.85906161e-14, 8.85906161e-04, 9.99281815e-01,
        9.99281815e-11, 1.44236988e-12, 3.76578172e-12, 1.39139927e-07,
        1.39139927e-07, 1.39139927e-07],
       [2.08662752e-07, 8.85906161e-04, 8.85906161e-14, 9.99281815e-11,
        9.99281815e-01, 1.44236988e-12, 3.76578172e-12, 1.39139927e-07,
        1.39139927e-07, 1.39139927e-07],
       [2.35327140e-04, 9.99113457e-01, 9.99113457e-11, 1.12697705e-07,
        1.12697705e-07, 1.62668601e-09, 4.24699970e-09, 1.56920202e-04,
        1.56920202e-04, 1.56920202e-04],
       [2.35327140e-04, 9.99113457e-11, 9.99113457e-01, 1.12697705e-07,
        1.12697705e-07, 1.62668601e-09, 4.24699970e-09, 1.56920202e-04,
        1.56920202e-04, 1.56920202e-04],
       [5.54092088e-06, 2.35247350e-12, 2.35247350e-12, 2.65353612e-09,
        2.65353612e-09, 3.83013130e-11, 9.99981953e-01, 3.69478176e-06,
        3.69478176e-06, 3.69478176e-06],
       [1.44665104e-15, 6.14195423e-12, 6.14195423e-12, 6.92798340e-09,
        6.92798340e-09, 9.99989634e-01, 2.61080236e-10, 9.64651905e-06,
        9.64651905e-06, 9.64651905e-06],
       [3.33174462e-01, 1.41453760e-07, 1.41453760e-07, 1.59556595e-04,
        1.59556595e-04, 2.30305028e-06, 6.01287144e-06, 2.22166487e-01,
        2.22166487e-01, 2.22166487e-01],
       [3.33174462e-01, 1.41453760e-07, 1.41453760e-07, 1.59556595e-04,
        1.59556595e-04, 2.30305028e-06, 6.01287144e-06, 2.22166487e-01,
        2.22166487e-01, 2.22166487e-01],
       [3.33174462e-01, 1.41453760e-07, 1.41453760e-07, 1.59556595e-04,
        1.59556595e-04, 2.30305028e-06, 6.01287144e-06, 2.22166487e-01,
        2.22166487e-01, 2.22166487e-01]]), ([[3.04438951e-21, 3.80548688e-11, 1.49489955e-01, 1.49489955e-01,
        1.49489955e-01, 1.75765067e-11, 1.75765067e-11, 1.83843378e-01,
        1.83843378e-01, 1.83843378e-01],
       [3.80548688e-11, 4.75685860e-21, 1.86862444e-01, 1.86862444e-01,
        1.86862444e-01, 2.19706334e-01, 2.19706334e-01, 2.29804223e-11,
        2.29804223e-11, 2.29804223e-11],
       [1.49489955e-01, 1.86862444e-01, 7.34046897e-02, 7.34046897e-02,
        7.34046897e-02, 8.63066699e-02, 8.63066699e-02, 9.02733973e-02,
        9.02733973e-02, 9.02733973e-02],
       [1.49489955e-01, 1.86862444e-01, 7.34046897e-02, 7.34046897e-02,
        7.34046897e-02, 8.63066699e-02, 8.63066699e-02, 9.02733973e-02,
        9.02733973e-02, 9.02733973e-02],
       [1.49489955e-01, 1.86862444e-01, 7.34046897e-02, 7.34046897e-02,
        7.34046897e-02, 8.63066699e-02, 8.63066699e-02, 9.02733973e-02,
        9.02733973e-02, 9.02733973e-02],
       [1.75765067e-11, 2.19706334e-01, 8.63066699e-02, 8.63066699e-02,
        8.63066699e-02, 1.01476368e-01, 1.01476368e-01, 1.06140307e-01,
        1.06140307e-01, 1.06140307e-01],
       [1.75765067e-11, 2.19706334e-01, 8.63066699e-02, 8.63066699e-02,
        8.63066699e-02, 1.01476368e-01, 1.01476368e-01, 1.06140307e-01,
        1.06140307e-01, 1.06140307e-01],
       [1.83843378e-01, 2.29804223e-11, 9.02733973e-02, 9.02733973e-02,
        9.02733973e-02, 1.06140307e-01, 1.06140307e-01, 1.11018605e-01,
        1.11018605e-01, 1.11018605e-01],
       [1.83843378e-01, 2.29804223e-11, 9.02733973e-02, 9.02733973e-02,
        9.02733973e-02, 1.06140307e-01, 1.06140307e-01, 1.11018605e-01,
        1.11018605e-01, 1.11018605e-01],
       [1.83843378e-01, 2.29804223e-11, 9.02733973e-02, 9.02733973e-02,
        9.02733973e-02, 1.06140307e-01, 1.06140307e-01, 1.11018605e-01,
        1.11018605e-01, 1.11018605e-01]]), ([[2.15635348e-21, 4.31270695e-11, 1.20847130e-01, 1.20847130e-01,
        1.20847130e-01, 1.37458609e-11, 1.59364652e-01, 1.59364652e-01,
        1.59364652e-01, 1.59364652e-01],
       [4.31270695e-11, 8.62541391e-21, 2.41694261e-01, 2.41694261e-01,
        2.41694261e-01, 2.74917218e-01, 3.18729304e-11, 3.18729304e-11,
        3.18729304e-11, 3.18729304e-11],
       [1.20847130e-01, 2.41694261e-01, 6.77255797e-02, 6.77255797e-02,
        6.77255797e-02, 7.70350436e-02, 8.93117066e-02, 8.93117066e-02,
        8.93117066e-02, 8.93117066e-02],
       [1.20847130e-01, 2.41694261e-01, 6.77255797e-02, 6.77255797e-02,
        6.77255797e-02, 7.70350436e-02, 8.93117066e-02, 8.93117066e-02,
        8.93117066e-02, 8.93117066e-02],
       [1.20847130e-01, 2.41694261e-01, 6.77255797e-02, 6.77255797e-02,
        6.77255797e-02, 7.70350436e-02, 8.93117066e-02, 8.93117066e-02,
        8.93117066e-02, 8.93117066e-02],
       [1.37458609e-11, 2.74917218e-01, 7.70350436e-02, 7.70350436e-02,
        7.70350436e-02, 8.76241736e-02, 1.01588369e-01, 1.01588369e-01,
        1.01588369e-01, 1.01588369e-01],
       [1.59364652e-01, 3.18729304e-11, 8.93117066e-02, 8.93117066e-02,
        8.93117066e-02, 1.01588369e-01, 1.17777965e-01, 1.17777965e-01,
        1.17777965e-01, 1.17777965e-01],
       [1.59364652e-01, 3.18729304e-11, 8.93117066e-02, 8.93117066e-02,
        8.93117066e-02, 1.01588369e-01, 1.17777965e-01, 1.17777965e-01,
        1.17777965e-01, 1.17777965e-01],
       [1.59364652e-01, 3.18729304e-11, 8.93117066e-02, 8.93117066e-02,
        8.93117066e-02, 1.01588369e-01, 1.17777965e-01, 1.17777965e-01,
        1.17777965e-01, 1.17777965e-01],
       [1.59364652e-01, 3.18729304e-11, 8.93117066e-02, 8.93117066e-02,
        8.93117066e-02, 1.01588369e-01, 1.17777965e-01, 1.17777965e-01,
        1.17777965e-01, 1.17777965e-01]]), ([[1.66666667e-21, 5.83333333e-11, 9.52380952e-02, 9.52380952e-02,
        9.52380952e-02, 1.42857143e-01, 1.42857143e-01, 1.42857143e-01,
        1.42857143e-01, 1.42857143e-01],
       [5.83333333e-11, 2.04166666e-20, 3.33333333e-01, 3.33333333e-01,
        3.33333333e-01, 5.00000000e-11, 5.00000000e-11, 5.00000000e-11,
        5.00000000e-11, 5.00000000e-11],
       [9.52380952e-02, 3.33333333e-01, 5.44217687e-02, 5.44217687e-02,
        5.44217687e-02, 8.16326531e-02, 8.16326531e-02, 8.16326531e-02,
        8.16326531e-02, 8.16326531e-02],
       [9.52380952e-02, 3.33333333e-01, 5.44217687e-02, 5.44217687e-02,
        5.44217687e-02, 8.16326531e-02, 8.16326531e-02, 8.16326531e-02,
        8.16326531e-02, 8.16326531e-02],
       [9.52380952e-02, 3.33333333e-01, 5.44217687e-02, 5.44217687e-02,
        5.44217687e-02, 8.16326531e-02, 8.16326531e-02, 8.16326531e-02,
        8.16326531e-02, 8.16326531e-02],
       [1.42857143e-01, 5.00000000e-11, 8.16326531e-02, 8.16326531e-02,
        8.16326531e-02, 1.22448980e-01, 1.22448980e-01, 1.22448980e-01,
        1.22448980e-01, 1.22448980e-01],
       [1.42857143e-01, 5.00000000e-11, 8.16326531e-02, 8.16326531e-02,
        8.16326531e-02, 1.22448980e-01, 1.22448980e-01, 1.22448980e-01,
        1.22448980e-01, 1.22448980e-01],
       [1.42857143e-01, 5.00000000e-11, 8.16326531e-02, 8.16326531e-02,
        8.16326531e-02, 1.22448980e-01, 1.22448980e-01, 1.22448980e-01,
        1.22448980e-01, 1.22448980e-01],
       [1.42857143e-01, 5.00000000e-11, 8.16326531e-02, 8.16326531e-02,
        8.16326531e-02, 1.22448980e-01, 1.22448980e-01, 1.22448980e-01,
        1.22448980e-01, 1.22448980e-01],
       [1.42857143e-01, 5.00000000e-11, 8.16326531e-02, 8.16326531e-02,
        8.16326531e-02, 1.22448980e-01, 1.22448980e-01, 1.22448980e-01,
        1.22448980e-01, 1.22448980e-01]]), ([[2.00000000e-20, 1.41421356e-10, 2.00000000e-10, 2.92893219e-01,
        2.92893219e-01, 4.71404520e-11, 4.71404520e-11, 4.71404520e-11,
        4.14213562e-01, 4.14213562e-11],
       [1.41421356e-10, 9.99999999e-21, 1.41421356e-10, 2.07106781e-11,
        2.07106781e-11, 3.33333333e-01, 3.33333333e-01, 3.33333333e-01,
        2.92893219e-11, 2.92893219e-11],
       [2.00000000e-10, 1.41421356e-10, 2.00000000e-20, 2.92893219e-01,
        2.92893219e-01, 4.71404520e-11, 4.71404520e-11, 4.71404520e-11,
        4.14213562e-11, 4.14213562e-01],
       [2.92893219e-01, 2.07106781e-11, 2.92893219e-01, 4.28932189e-02,
        4.28932189e-02, 6.90355938e-02, 6.90355938e-02, 6.90355938e-02,
        6.06601718e-02, 6.06601718e-02],
       [2.92893219e-01, 2.07106781e-11, 2.92893219e-01, 4.28932189e-02,
        4.28932189e-02, 6.90355938e-02, 6.90355938e-02, 6.90355938e-02,
        6.06601718e-02, 6.06601718e-02],
       [4.71404520e-11, 3.33333333e-01, 4.71404520e-11, 6.90355938e-02,
        6.90355938e-02, 1.11111111e-01, 1.11111111e-01, 1.11111111e-01,
        9.76310730e-02, 9.76310730e-02],
       [4.71404520e-11, 3.33333333e-01, 4.71404520e-11, 6.90355938e-02,
        6.90355938e-02, 1.11111111e-01, 1.11111111e-01, 1.11111111e-01,
        9.76310730e-02, 9.76310730e-02],
       [4.71404520e-11, 3.33333333e-01, 4.71404520e-11, 6.90355938e-02,
        6.90355938e-02, 1.11111111e-01, 1.11111111e-01, 1.11111111e-01,
        9.76310730e-02, 9.76310730e-02],
       [4.14213562e-01, 2.92893219e-11, 4.14213562e-11, 6.06601718e-02,
        6.06601718e-02, 9.76310730e-02, 9.76310730e-02, 9.76310730e-02,
        8.57864377e-02, 8.57864377e-02],
       [4.14213562e-11, 2.92893219e-11, 4.14213562e-01, 6.06601718e-02,
        6.06601718e-02, 9.76310730e-02, 9.76310730e-02, 9.76310730e-02,
        8.57864377e-02, 8.57864377e-02]]), ([[4.44444444e-21, 1.77777777e-10, 1.33333333e-10, 1.25000000e-01,
        1.25000000e-01, 1.66666667e-11, 1.66666667e-11, 2.50000000e-01,
        2.50000000e-01, 2.50000000e-01],
       [1.77777777e-10, 7.11111108e-20, 5.33333331e-10, 4.99999999e-01,
        4.99999999e-01, 6.66666666e-11, 6.66666666e-11, 9.99999998e-11,
        9.99999998e-11, 9.99999998e-11],
       [1.33333333e-10, 5.33333331e-10, 3.99999999e-20, 3.75000000e-11,
        3.75000000e-11, 5.00000000e-01, 5.00000000e-01, 7.49999999e-11,
        7.49999999e-11, 7.49999999e-11],
       [1.25000000e-01, 4.99999999e-01, 3.75000000e-11, 3.51562501e-02,
        3.51562501e-02, 4.68750001e-02, 4.68750001e-02, 7.03125001e-02,
        7.03125001e-02, 7.03125001e-02],
       [1.25000000e-01, 4.99999999e-01, 3.75000000e-11, 3.51562501e-02,
        3.51562501e-02, 4.68750001e-02, 4.68750001e-02, 7.03125001e-02,
        7.03125001e-02, 7.03125001e-02],
       [1.66666667e-11, 6.66666666e-11, 5.00000000e-01, 4.68750001e-02,
        4.68750001e-02, 6.25000001e-02, 6.25000001e-02, 9.37500000e-02,
        9.37500000e-02, 9.37500000e-02],
       [1.66666667e-11, 6.66666666e-11, 5.00000000e-01, 4.68750001e-02,
        4.68750001e-02, 6.25000001e-02, 6.25000001e-02, 9.37500000e-02,
        9.37500000e-02, 9.37500000e-02],
       [2.50000000e-01, 9.99999998e-11, 7.49999999e-11, 7.03125001e-02,
        7.03125001e-02, 9.37500000e-02, 9.37500000e-02, 1.40625000e-01,
        1.40625000e-01, 1.40625000e-01],
       [2.50000000e-01, 9.99999998e-11, 7.49999999e-11, 7.03125001e-02,
        7.03125001e-02, 9.37500000e-02, 9.37500000e-02, 1.40625000e-01,
        1.40625000e-01, 1.40625000e-01],
       [2.50000000e-01, 9.99999998e-11, 7.49999999e-11, 7.03125001e-02,
        7.03125001e-02, 9.37500000e-02, 9.37500000e-02, 1.40625000e-01,
        1.40625000e-01, 1.40625000e-01]]), ([[2.49898983e-21, 1.54694197e-07, 1.54694197e-07, 1.61999787e-04,
        1.61999787e-04, 1.99935344e-01, 1.99935344e-01, 1.99935344e-01,
        1.99935344e-01, 1.99935344e-01],
       [1.54133845e-07, 9.54129985e-14, 9.54129985e-04, 9.99189739e-01,
        9.99189739e-11, 1.23317041e-07, 1.23317041e-07, 1.23317041e-07,
        1.23317041e-07, 1.23317041e-07],
       [1.54133845e-07, 9.54129985e-04, 9.54129985e-14, 9.99189739e-11,
        9.99189739e-01, 1.23317041e-07, 1.23317041e-07, 1.23317041e-07,
        1.23317041e-07, 1.23317041e-07],
       [1.61389605e-04, 9.99045096e-01, 9.99045096e-11, 1.04622601e-07,
        1.04622601e-07, 1.29122119e-04, 1.29122119e-04, 1.29122119e-04,
        1.29122119e-04, 1.29122119e-04],
       [1.61389605e-04, 9.99045096e-11, 9.99045096e-01, 1.04622601e-07,
        1.04622601e-07, 1.29122119e-04, 1.29122119e-04, 1.29122119e-04,
        1.29122119e-04, 1.29122119e-04],
       [1.99935383e-01, 1.23765383e-07, 1.23765383e-07, 1.29610329e-04,
        1.29610329e-04, 1.59961233e-01, 1.59961233e-01, 1.59961233e-01,
        1.59961233e-01, 1.59961233e-01],
       [1.99935383e-01, 1.23765383e-07, 1.23765383e-07, 1.29610329e-04,
        1.29610329e-04, 1.59961233e-01, 1.59961233e-01, 1.59961233e-01,
        1.59961233e-01, 1.59961233e-01],
       [1.99935383e-01, 1.23765383e-07, 1.23765383e-07, 1.29610329e-04,
        1.29610329e-04, 1.59961233e-01, 1.59961233e-01, 1.59961233e-01,
        1.59961233e-01, 1.59961233e-01],
       [1.99935383e-01, 1.23765383e-07, 1.23765383e-07, 1.29610329e-04,
        1.29610329e-04, 1.59961233e-01, 1.59961233e-01, 1.59961233e-01,
        1.59961233e-01, 1.59961233e-01],
       [1.99935383e-01, 1.23765383e-07, 1.23765383e-07, 1.29610329e-04,
        1.29610329e-04, 1.59961233e-01, 1.59961233e-01, 1.59961233e-01,
        1.59961233e-01, 1.59961233e-01]]), ([[2.50000678e-21, 6.25004753e-11, 1.33332731e-01, 1.33332731e-01,
        1.33332731e-01, 2.44865887e-06, 6.24095944e-16, 1.99998800e-01,
        1.99998800e-01, 1.99998800e-01],
       [6.25002671e-11, 1.56251432e-20, 3.33332347e-01, 3.33332347e-01,
        3.33332347e-01, 6.12165673e-16, 1.56024229e-15, 4.99997782e-11,
        4.99997782e-11, 4.99997782e-11],
       [1.33332681e-01, 3.33333333e-01, 7.11102489e-02, 7.11102489e-02,
        7.11102489e-02, 1.30594147e-06, 3.32848638e-06, 1.06665216e-01,
        1.06665216e-01, 1.06665216e-01],
       [1.33332681e-01, 3.33333333e-01, 7.11102489e-02, 7.11102489e-02,
        7.11102489e-02, 1.30594147e-06, 3.32848638e-06, 1.06665216e-01,
        1.06665216e-01, 1.06665216e-01],
       [1.33332681e-01, 3.33333333e-01, 7.11102489e-02, 7.11102489e-02,
        7.11102489e-02, 1.30594147e-06, 3.32848638e-06, 1.06665216e-01,
        1.06665216e-01, 1.06665216e-01],
       [4.00570521e-06, 1.00143120e-15, 2.13636066e-06, 2.13636066e-06,
        2.13636066e-06, 3.92343159e-11, 9.99975036e-01, 3.20453625e-06,
        3.20453625e-06, 3.20453625e-06],
       [1.02095731e-15, 2.55240576e-15, 5.44506628e-06, 5.44506628e-06,
        5.44506628e-06, 9.99987757e-01, 2.54869435e-10, 8.16758734e-06,
        8.16758734e-06, 8.16758734e-06],
       [1.99999317e-01, 5.00000739e-11, 1.06665531e-01, 1.06665531e-01,
        1.06665531e-01, 1.95891509e-06, 4.99273696e-06, 1.59998060e-01,
        1.59998060e-01, 1.59998060e-01],
       [1.99999317e-01, 5.00000739e-11, 1.06665531e-01, 1.06665531e-01,
        1.06665531e-01, 1.95891509e-06, 4.99273696e-06, 1.59998060e-01,
        1.59998060e-01, 1.59998060e-01],
       [1.99999317e-01, 5.00000739e-11, 1.06665531e-01, 1.06665531e-01,
        1.06665531e-01, 1.95891509e-06, 4.99273696e-06, 1.59998060e-01,
        1.59998060e-01, 1.59998060e-01]]), ([[2.49996831e-21, 1.24999734e-10, 9.99990201e-02, 9.99990201e-02,
        4.86552905e-06, 4.86552905e-06, 1.99997972e-01, 1.99997972e-01,
        1.99997972e-01, 1.99997972e-01],
       [1.24999598e-10, 6.25004581e-20, 4.99999829e-01, 4.99999829e-01,
        2.43278753e-15, 2.43278753e-15, 9.99999318e-11, 9.99999318e-11,
        9.99999318e-11, 9.99999318e-11],
       [9.99989452e-02, 5.00000000e-01, 3.99996931e-02, 3.99996931e-02,
        1.94621576e-06, 1.94621576e-06, 7.99993589e-02, 7.99993589e-02,
        7.99993589e-02, 7.99993589e-02],
       [9.99989452e-02, 5.00000000e-01, 3.99996931e-02, 3.99996931e-02,
        1.94621576e-06, 1.94621576e-06, 7.99993589e-02, 7.99993589e-02,
        7.99993589e-02, 7.99993589e-02],
       [5.13799727e-06, 2.56902573e-15, 2.05520482e-06, 2.05520482e-06,
        9.99975672e-11, 9.99975672e-01, 4.11040823e-06, 4.11040823e-06,
        4.11040823e-06, 4.11040823e-06],
       [5.13799727e-06, 2.56902573e-15, 2.05520482e-06, 2.05520482e-06,
        9.99975672e-01, 9.99975672e-11, 4.11040823e-06, 4.11040823e-06,
        4.11040823e-06, 4.11040823e-06],
       [1.99997958e-01, 1.00000034e-10, 7.99994134e-02, 7.99994134e-02,
        3.89243284e-06, 3.89243284e-06, 1.59998772e-01, 1.59998772e-01,
        1.59998772e-01, 1.59998772e-01],
       [1.99997958e-01, 1.00000034e-10, 7.99994134e-02, 7.99994134e-02,
        3.89243284e-06, 3.89243284e-06, 1.59998772e-01, 1.59998772e-01,
        1.59998772e-01, 1.59998772e-01],
       [1.99997958e-01, 1.00000034e-10, 7.99994134e-02, 7.99994134e-02,
        3.89243284e-06, 3.89243284e-06, 1.59998772e-01, 1.59998772e-01,
        1.59998772e-01, 1.59998772e-01],
       [1.99997958e-01, 1.00000034e-10, 7.99994134e-02, 7.99994134e-02,
        3.89243284e-06, 3.89243284e-06, 1.59998772e-01, 1.59998772e-01,
        1.59998772e-01, 1.59998772e-01]]), ([[4.99646743e-21, 2.12131837e-07, 2.12131837e-07, 2.39279843e-04,
        2.39279843e-04, 3.45378083e-06, 9.01723263e-16, 3.33173079e-01,
        3.33173079e-01, 3.33173079e-01],
       [2.08662752e-07, 8.85906161e-14, 8.85906161e-04, 9.99281815e-01,
        9.99281815e-11, 1.44236988e-12, 3.76578172e-12, 1.39139927e-07,
        1.39139927e-07, 1.39139927e-07],
       [2.08662752e-07, 8.85906161e-04, 8.85906161e-14, 9.99281815e-11,
        9.99281815e-01, 1.44236988e-12, 3.76578172e-12, 1.39139927e-07,
        1.39139927e-07, 1.39139927e-07],
       [2.35327140e-04, 9.99113457e-01, 9.99113457e-11, 1.12697705e-07,
        1.12697705e-07, 1.62668601e-09, 4.24699970e-09, 1.56920202e-04,
        1.56920202e-04, 1.56920202e-04],
       [2.35327140e-04, 9.99113457e-11, 9.99113457e-01, 1.12697705e-07,
        1.12697705e-07, 1.62668601e-09, 4.24699970e-09, 1.56920202e-04,
        1.56920202e-04, 1.56920202e-04],
       [5.54092088e-06, 2.35247350e-12, 2.35247350e-12, 2.65353612e-09,
        2.65353612e-09, 3.83013130e-11, 9.99981953e-01, 3.69478176e-06,
        3.69478176e-06, 3.69478176e-06],
       [1.44665104e-15, 6.14195423e-12, 6.14195423e-12, 6.92798340e-09,
        6.92798340e-09, 9.99989634e-01, 2.61080236e-10, 9.64651905e-06,
        9.64651905e-06, 9.64651905e-06],
       [3.33174462e-01, 1.41453760e-07, 1.41453760e-07, 1.59556595e-04,
        1.59556595e-04, 2.30305028e-06, 6.01287144e-06, 2.22166487e-01,
        2.22166487e-01, 2.22166487e-01],
       [3.33174462e-01, 1.41453760e-07, 1.41453760e-07, 1.59556595e-04,
        1.59556595e-04, 2.30305028e-06, 6.01287144e-06, 2.22166487e-01,
        2.22166487e-01, 2.22166487e-01],
       [3.33174462e-01, 1.41453760e-07, 1.41453760e-07, 1.59556595e-04,
        1.59556595e-04, 2.30305028e-06, 6.01287144e-06, 2.22166487e-01,
        2.22166487e-01, 2.22166487e-01]]), ([[3.04438951e-21, 3.80548688e-11, 1.49489955e-01, 1.49489955e-01,
        1.49489955e-01, 1.75765067e-11, 1.75765067e-11, 1.83843378e-01,
        1.83843378e-01, 1.83843378e-01],
       [3.80548688e-11, 4.75685860e-21, 1.86862444e-01, 1.86862444e-01,
        1.86862444e-01, 2.19706334e-01, 2.19706334e-01, 2.29804223e-11,
        2.29804223e-11, 2.29804223e-11],
       [1.49489955e-01, 1.86862444e-01, 7.34046897e-02, 7.34046897e-02,
        7.34046897e-02, 8.63066699e-02, 8.63066699e-02, 9.02733973e-02,
        9.02733973e-02, 9.02733973e-02],
       [1.49489955e-01, 1.86862444e-01, 7.34046897e-02, 7.34046897e-02,
        7.34046897e-02, 8.63066699e-02, 8.63066699e-02, 9.02733973e-02,
        9.02733973e-02, 9.02733973e-02],
       [1.49489955e-01, 1.86862444e-01, 7.34046897e-02, 7.34046897e-02,
        7.34046897e-02, 8.63066699e-02, 8.63066699e-02, 9.02733973e-02,
        9.02733973e-02, 9.02733973e-02],
       [1.75765067e-11, 2.19706334e-01, 8.63066699e-02, 8.63066699e-02,
        8.63066699e-02, 1.01476368e-01, 1.01476368e-01, 1.06140307e-01,
        1.06140307e-01, 1.06140307e-01],
       [1.75765067e-11, 2.19706334e-01, 8.63066699e-02, 8.63066699e-02,
        8.63066699e-02, 1.01476368e-01, 1.01476368e-01, 1.06140307e-01,
        1.06140307e-01, 1.06140307e-01],
       [1.83843378e-01, 2.29804223e-11, 9.02733973e-02, 9.02733973e-02,
        9.02733973e-02, 1.06140307e-01, 1.06140307e-01, 1.11018605e-01,
        1.11018605e-01, 1.11018605e-01],
       [1.83843378e-01, 2.29804223e-11, 9.02733973e-02, 9.02733973e-02,
        9.02733973e-02, 1.06140307e-01, 1.06140307e-01, 1.11018605e-01,
        1.11018605e-01, 1.11018605e-01],
       [1.83843378e-01, 2.29804223e-11, 9.02733973e-02, 9.02733973e-02,
        9.02733973e-02, 1.06140307e-01, 1.06140307e-01, 1.11018605e-01,
        1.11018605e-01, 1.11018605e-01]]), ([[2.15635348e-21, 4.31270695e-11, 1.20847130e-01, 1.20847130e-01,
        1.20847130e-01, 1.37458609e-11, 1.59364652e-01, 1.59364652e-01,
        1.59364652e-01, 1.59364652e-01],
       [4.31270695e-11, 8.62541391e-21, 2.41694261e-01, 2.41694261e-01,
        2.41694261e-01, 2.74917218e-01, 3.18729304e-11, 3.18729304e-11,
        3.18729304e-11, 3.18729304e-11],
       [1.20847130e-01, 2.41694261e-01, 6.77255797e-02, 6.77255797e-02,
        6.77255797e-02, 7.70350436e-02, 8.93117066e-02, 8.93117066e-02,
        8.93117066e-02, 8.93117066e-02],
       [1.20847130e-01, 2.41694261e-01, 6.77255797e-02, 6.77255797e-02,
        6.77255797e-02, 7.70350436e-02, 8.93117066e-02, 8.93117066e-02,
        8.93117066e-02, 8.93117066e-02],
       [1.20847130e-01, 2.41694261e-01, 6.77255797e-02, 6.77255797e-02,
        6.77255797e-02, 7.70350436e-02, 8.93117066e-02, 8.93117066e-02,
        8.93117066e-02, 8.93117066e-02],
       [1.37458609e-11, 2.74917218e-01, 7.70350436e-02, 7.70350436e-02,
        7.70350436e-02, 8.76241736e-02, 1.01588369e-01, 1.01588369e-01,
        1.01588369e-01, 1.01588369e-01],
       [1.59364652e-01, 3.18729304e-11, 8.93117066e-02, 8.93117066e-02,
        8.93117066e-02, 1.01588369e-01, 1.17777965e-01, 1.17777965e-01,
        1.17777965e-01, 1.17777965e-01],
       [1.59364652e-01, 3.18729304e-11, 8.93117066e-02, 8.93117066e-02,
        8.93117066e-02, 1.01588369e-01, 1.17777965e-01, 1.17777965e-01,
        1.17777965e-01, 1.17777965e-01],
       [1.59364652e-01, 3.18729304e-11, 8.93117066e-02, 8.93117066e-02,
        8.93117066e-02, 1.01588369e-01, 1.17777965e-01, 1.17777965e-01,
        1.17777965e-01, 1.17777965e-01],
       [1.59364652e-01, 3.18729304e-11, 8.93117066e-02, 8.93117066e-02,
        8.93117066e-02, 1.01588369e-01, 1.17777965e-01, 1.17777965e-01,
        1.17777965e-01, 1.17777965e-01]]), ([[1.66666667e-21, 5.83333333e-11, 9.52380952e-02, 9.52380952e-02,
        9.52380952e-02, 1.42857143e-01, 1.42857143e-01, 1.42857143e-01,
        1.42857143e-01, 1.42857143e-01],
       [5.83333333e-11, 2.04166666e-20, 3.33333333e-01, 3.33333333e-01,
        3.33333333e-01, 5.00000000e-11, 5.00000000e-11, 5.00000000e-11,
        5.00000000e-11, 5.00000000e-11],
       [9.52380952e-02, 3.33333333e-01, 5.44217687e-02, 5.44217687e-02,
        5.44217687e-02, 8.16326531e-02, 8.16326531e-02, 8.16326531e-02,
        8.16326531e-02, 8.16326531e-02],
       [9.52380952e-02, 3.33333333e-01, 5.44217687e-02, 5.44217687e-02,
        5.44217687e-02, 8.16326531e-02, 8.16326531e-02, 8.16326531e-02,
        8.16326531e-02, 8.16326531e-02],
       [9.52380952e-02, 3.33333333e-01, 5.44217687e-02, 5.44217687e-02,
        5.44217687e-02, 8.16326531e-02, 8.16326531e-02, 8.16326531e-02,
        8.16326531e-02, 8.16326531e-02],
       [1.42857143e-01, 5.00000000e-11, 8.16326531e-02, 8.16326531e-02,
        8.16326531e-02, 1.22448980e-01, 1.22448980e-01, 1.22448980e-01,
        1.22448980e-01, 1.22448980e-01],
       [1.42857143e-01, 5.00000000e-11, 8.16326531e-02, 8.16326531e-02,
        8.16326531e-02, 1.22448980e-01, 1.22448980e-01, 1.22448980e-01,
        1.22448980e-01, 1.22448980e-01],
       [1.42857143e-01, 5.00000000e-11, 8.16326531e-02, 8.16326531e-02,
        8.16326531e-02, 1.22448980e-01, 1.22448980e-01, 1.22448980e-01,
        1.22448980e-01, 1.22448980e-01],
       [1.42857143e-01, 5.00000000e-11, 8.16326531e-02, 8.16326531e-02,
        8.16326531e-02, 1.22448980e-01, 1.22448980e-01, 1.22448980e-01,
        1.22448980e-01, 1.22448980e-01],
       [1.42857143e-01, 5.00000000e-11, 8.16326531e-02, 8.16326531e-02,
        8.16326531e-02, 1.22448980e-01, 1.22448980e-01, 1.22448980e-01,
        1.22448980e-01, 1.22448980e-01]]), ([[2.00000000e-20, 1.41421356e-10, 2.00000000e-10, 2.92893219e-01,
        2.92893219e-01, 4.71404520e-11, 4.71404520e-11, 4.71404520e-11,
        4.14213562e-01, 4.14213562e-11],
       [1.41421356e-10, 9.99999999e-21, 1.41421356e-10, 2.07106781e-11,
        2.07106781e-11, 3.33333333e-01, 3.33333333e-01, 3.33333333e-01,
        2.92893219e-11, 2.92893219e-11],
       [2.00000000e-10, 1.41421356e-10, 2.00000000e-20, 2.92893219e-01,
        2.92893219e-01, 4.71404520e-11, 4.71404520e-11, 4.71404520e-11,
        4.14213562e-11, 4.14213562e-01],
       [2.92893219e-01, 2.07106781e-11, 2.92893219e-01, 4.28932189e-02,
        4.28932189e-02, 6.90355938e-02, 6.90355938e-02, 6.90355938e-02,
        6.06601718e-02, 6.06601718e-02],
       [2.92893219e-01, 2.07106781e-11, 2.92893219e-01, 4.28932189e-02,
        4.28932189e-02, 6.90355938e-02, 6.90355938e-02, 6.90355938e-02,
        6.06601718e-02, 6.06601718e-02],
       [4.71404520e-11, 3.33333333e-01, 4.71404520e-11, 6.90355938e-02,
        6.90355938e-02, 1.11111111e-01, 1.11111111e-01, 1.11111111e-01,
        9.76310730e-02, 9.76310730e-02],
       [4.71404520e-11, 3.33333333e-01, 4.71404520e-11, 6.90355938e-02,
        6.90355938e-02, 1.11111111e-01, 1.11111111e-01, 1.11111111e-01,
        9.76310730e-02, 9.76310730e-02],
       [4.71404520e-11, 3.33333333e-01, 4.71404520e-11, 6.90355938e-02,
        6.90355938e-02, 1.11111111e-01, 1.11111111e-01, 1.11111111e-01,
        9.76310730e-02, 9.76310730e-02],
       [4.14213562e-01, 2.92893219e-11, 4.14213562e-11, 6.06601718e-02,
        6.06601718e-02, 9.76310730e-02, 9.76310730e-02, 9.76310730e-02,
        8.57864377e-02, 8.57864377e-02],
       [4.14213562e-11, 2.92893219e-11, 4.14213562e-01, 6.06601718e-02,
        6.06601718e-02, 9.76310730e-02, 9.76310730e-02, 9.76310730e-02,
        8.57864377e-02, 8.57864377e-02]]), ([[4.44444444e-21, 1.77777777e-10, 1.33333333e-10, 1.25000000e-01,
        1.25000000e-01, 1.66666667e-11, 1.66666667e-11, 2.50000000e-01,
        2.50000000e-01, 2.50000000e-01],
       [1.77777777e-10, 7.11111108e-20, 5.33333331e-10, 4.99999999e-01,
        4.99999999e-01, 6.66666666e-11, 6.66666666e-11, 9.99999998e-11,
        9.99999998e-11, 9.99999998e-11],
       [1.33333333e-10, 5.33333331e-10, 3.99999999e-20, 3.75000000e-11,
        3.75000000e-11, 5.00000000e-01, 5.00000000e-01, 7.49999999e-11,
        7.49999999e-11, 7.49999999e-11],
       [1.25000000e-01, 4.99999999e-01, 3.75000000e-11, 3.51562501e-02,
        3.51562501e-02, 4.68750001e-02, 4.68750001e-02, 7.03125001e-02,
        7.03125001e-02, 7.03125001e-02],
       [1.25000000e-01, 4.99999999e-01, 3.75000000e-11, 3.51562501e-02,
        3.51562501e-02, 4.68750001e-02, 4.68750001e-02, 7.03125001e-02,
        7.03125001e-02, 7.03125001e-02],
       [1.66666667e-11, 6.66666666e-11, 5.00000000e-01, 4.68750001e-02,
        4.68750001e-02, 6.25000001e-02, 6.25000001e-02, 9.37500000e-02,
        9.37500000e-02, 9.37500000e-02],
       [1.66666667e-11, 6.66666666e-11, 5.00000000e-01, 4.68750001e-02,
        4.68750001e-02, 6.25000001e-02, 6.25000001e-02, 9.37500000e-02,
        9.37500000e-02, 9.37500000e-02],
       [2.50000000e-01, 9.99999998e-11, 7.49999999e-11, 7.03125001e-02,
        7.03125001e-02, 9.37500000e-02, 9.37500000e-02, 1.40625000e-01,
        1.40625000e-01, 1.40625000e-01],
       [2.50000000e-01, 9.99999998e-11, 7.49999999e-11, 7.03125001e-02,
        7.03125001e-02, 9.37500000e-02, 9.37500000e-02, 1.40625000e-01,
        1.40625000e-01, 1.40625000e-01],
       [2.50000000e-01, 9.99999998e-11, 7.49999999e-11, 7.03125001e-02,
        7.03125001e-02, 9.37500000e-02, 9.37500000e-02, 1.40625000e-01,
        1.40625000e-01, 1.40625000e-01]]), ([[2.49898983e-21, 1.54694197e-07, 1.54694197e-07, 1.61999787e-04,
        1.61999787e-04, 1.99935344e-01, 1.99935344e-01, 1.99935344e-01,
        1.99935344e-01, 1.99935344e-01],
       [1.54133845e-07, 9.54129985e-14, 9.54129985e-04, 9.99189739e-01,
        9.99189739e-11, 1.23317041e-07, 1.23317041e-07, 1.23317041e-07,
        1.23317041e-07, 1.23317041e-07],
       [1.54133845e-07, 9.54129985e-04, 9.54129985e-14, 9.99189739e-11,
        9.99189739e-01, 1.23317041e-07, 1.23317041e-07, 1.23317041e-07,
        1.23317041e-07, 1.23317041e-07],
       [1.61389605e-04, 9.99045096e-01, 9.99045096e-11, 1.04622601e-07,
        1.04622601e-07, 1.29122119e-04, 1.29122119e-04, 1.29122119e-04,
        1.29122119e-04, 1.29122119e-04],
       [1.61389605e-04, 9.99045096e-11, 9.99045096e-01, 1.04622601e-07,
        1.04622601e-07, 1.29122119e-04, 1.29122119e-04, 1.29122119e-04,
        1.29122119e-04, 1.29122119e-04],
       [1.99935383e-01, 1.23765383e-07, 1.23765383e-07, 1.29610329e-04,
        1.29610329e-04, 1.59961233e-01, 1.59961233e-01, 1.59961233e-01,
        1.59961233e-01, 1.59961233e-01],
       [1.99935383e-01, 1.23765383e-07, 1.23765383e-07, 1.29610329e-04,
        1.29610329e-04, 1.59961233e-01, 1.59961233e-01, 1.59961233e-01,
        1.59961233e-01, 1.59961233e-01],
       [1.99935383e-01, 1.23765383e-07, 1.23765383e-07, 1.29610329e-04,
        1.29610329e-04, 1.59961233e-01, 1.59961233e-01, 1.59961233e-01,
        1.59961233e-01, 1.59961233e-01],
       [1.99935383e-01, 1.23765383e-07, 1.23765383e-07, 1.29610329e-04,
        1.29610329e-04, 1.59961233e-01, 1.59961233e-01, 1.59961233e-01,
        1.59961233e-01, 1.59961233e-01],
       [1.99935383e-01, 1.23765383e-07, 1.23765383e-07, 1.29610329e-04,
        1.29610329e-04, 1.59961233e-01, 1.59961233e-01, 1.59961233e-01,
        1.59961233e-01, 1.59961233e-01]]), ([[2.50000678e-21, 6.25004753e-11, 1.33332731e-01, 1.33332731e-01,
        1.33332731e-01, 2.44865887e-06, 6.24095944e-16, 1.99998800e-01,
        1.99998800e-01, 1.99998800e-01],
       [6.25002671e-11, 1.56251432e-20, 3.33332347e-01, 3.33332347e-01,
        3.33332347e-01, 6.12165673e-16, 1.56024229e-15, 4.99997782e-11,
        4.99997782e-11, 4.99997782e-11],
       [1.33332681e-01, 3.33333333e-01, 7.11102489e-02, 7.11102489e-02,
        7.11102489e-02, 1.30594147e-06, 3.32848638e-06, 1.06665216e-01,
        1.06665216e-01, 1.06665216e-01],
       [1.33332681e-01, 3.33333333e-01, 7.11102489e-02, 7.11102489e-02,
        7.11102489e-02, 1.30594147e-06, 3.32848638e-06, 1.06665216e-01,
        1.06665216e-01, 1.06665216e-01],
       [1.33332681e-01, 3.33333333e-01, 7.11102489e-02, 7.11102489e-02,
        7.11102489e-02, 1.30594147e-06, 3.32848638e-06, 1.06665216e-01,
        1.06665216e-01, 1.06665216e-01],
       [4.00570521e-06, 1.00143120e-15, 2.13636066e-06, 2.13636066e-06,
        2.13636066e-06, 3.92343159e-11, 9.99975036e-01, 3.20453625e-06,
        3.20453625e-06, 3.20453625e-06],
       [1.02095731e-15, 2.55240576e-15, 5.44506628e-06, 5.44506628e-06,
        5.44506628e-06, 9.99987757e-01, 2.54869435e-10, 8.16758734e-06,
        8.16758734e-06, 8.16758734e-06],
       [1.99999317e-01, 5.00000739e-11, 1.06665531e-01, 1.06665531e-01,
        1.06665531e-01, 1.95891509e-06, 4.99273696e-06, 1.59998060e-01,
        1.59998060e-01, 1.59998060e-01],
       [1.99999317e-01, 5.00000739e-11, 1.06665531e-01, 1.06665531e-01,
        1.06665531e-01, 1.95891509e-06, 4.99273696e-06, 1.59998060e-01,
        1.59998060e-01, 1.59998060e-01],
       [1.99999317e-01, 5.00000739e-11, 1.06665531e-01, 1.06665531e-01,
        1.06665531e-01, 1.95891509e-06, 4.99273696e-06, 1.59998060e-01,
        1.59998060e-01, 1.59998060e-01]]), ([[2.49996831e-21, 1.24999734e-10, 9.99990201e-02, 9.99990201e-02,
        4.86552905e-06, 4.86552905e-06, 1.99997972e-01, 1.99997972e-01,
        1.99997972e-01, 1.99997972e-01],
       [1.24999598e-10, 6.25004581e-20, 4.99999829e-01, 4.99999829e-01,
        2.43278753e-15, 2.43278753e-15, 9.99999318e-11, 9.99999318e-11,
        9.99999318e-11, 9.99999318e-11],
       [9.99989452e-02, 5.00000000e-01, 3.99996931e-02, 3.99996931e-02,
        1.94621576e-06, 1.94621576e-06, 7.99993589e-02, 7.99993589e-02,
        7.99993589e-02, 7.99993589e-02],
       [9.99989452e-02, 5.00000000e-01, 3.99996931e-02, 3.99996931e-02,
        1.94621576e-06, 1.94621576e-06, 7.99993589e-02, 7.99993589e-02,
        7.99993589e-02, 7.99993589e-02],
       [5.13799727e-06, 2.56902573e-15, 2.05520482e-06, 2.05520482e-06,
        9.99975672e-11, 9.99975672e-01, 4.11040823e-06, 4.11040823e-06,
        4.11040823e-06, 4.11040823e-06],
       [5.13799727e-06, 2.56902573e-15, 2.05520482e-06, 2.05520482e-06,
        9.99975672e-01, 9.99975672e-11, 4.11040823e-06, 4.11040823e-06,
        4.11040823e-06, 4.11040823e-06],
       [1.99997958e-01, 1.00000034e-10, 7.99994134e-02, 7.99994134e-02,
        3.89243284e-06, 3.89243284e-06, 1.59998772e-01, 1.59998772e-01,
        1.59998772e-01, 1.59998772e-01],
       [1.99997958e-01, 1.00000034e-10, 7.99994134e-02, 7.99994134e-02,
        3.89243284e-06, 3.89243284e-06, 1.59998772e-01, 1.59998772e-01,
        1.59998772e-01, 1.59998772e-01],
       [1.99997958e-01, 1.00000034e-10, 7.99994134e-02, 7.99994134e-02,
        3.89243284e-06, 3.89243284e-06, 1.59998772e-01, 1.59998772e-01,
        1.59998772e-01, 1.59998772e-01],
       [1.99997958e-01, 1.00000034e-10, 7.99994134e-02, 7.99994134e-02,
        3.89243284e-06, 3.89243284e-06, 1.59998772e-01, 1.59998772e-01,
        1.59998772e-01, 1.59998772e-01]]), ([[4.99646743e-21, 2.12131837e-07, 2.12131837e-07, 2.39279843e-04,
        2.39279843e-04, 3.45378083e-06, 9.01723263e-16, 3.33173079e-01,
        3.33173079e-01, 3.33173079e-01],
       [2.08662752e-07, 8.85906161e-14, 8.85906161e-04, 9.99281815e-01,
        9.99281815e-11, 1.44236988e-12, 3.76578172e-12, 1.39139927e-07,
        1.39139927e-07, 1.39139927e-07],
       [2.08662752e-07, 8.85906161e-04, 8.85906161e-14, 9.99281815e-11,
        9.99281815e-01, 1.44236988e-12, 3.76578172e-12, 1.39139927e-07,
        1.39139927e-07, 1.39139927e-07],
       [2.35327140e-04, 9.99113457e-01, 9.99113457e-11, 1.12697705e-07,
        1.12697705e-07, 1.62668601e-09, 4.24699970e-09, 1.56920202e-04,
        1.56920202e-04, 1.56920202e-04],
       [2.35327140e-04, 9.99113457e-11, 9.99113457e-01, 1.12697705e-07,
        1.12697705e-07, 1.62668601e-09, 4.24699970e-09, 1.56920202e-04,
        1.56920202e-04, 1.56920202e-04],
       [5.54092088e-06, 2.35247350e-12, 2.35247350e-12, 2.65353612e-09,
        2.65353612e-09, 3.83013130e-11, 9.99981953e-01, 3.69478176e-06,
        3.69478176e-06, 3.69478176e-06],
       [1.44665104e-15, 6.14195423e-12, 6.14195423e-12, 6.92798340e-09,
        6.92798340e-09, 9.99989634e-01, 2.61080236e-10, 9.64651905e-06,
        9.64651905e-06, 9.64651905e-06],
       [3.33174462e-01, 1.41453760e-07, 1.41453760e-07, 1.59556595e-04,
        1.59556595e-04, 2.30305028e-06, 6.01287144e-06, 2.22166487e-01,
        2.22166487e-01, 2.22166487e-01],
       [3.33174462e-01, 1.41453760e-07, 1.41453760e-07, 1.59556595e-04,
        1.59556595e-04, 2.30305028e-06, 6.01287144e-06, 2.22166487e-01,
        2.22166487e-01, 2.22166487e-01],
       [3.33174462e-01, 1.41453760e-07, 1.41453760e-07, 1.59556595e-04,
        1.59556595e-04, 2.30305028e-06, 6.01287144e-06, 2.22166487e-01,
        2.22166487e-01, 2.22166487e-01]]), ([[3.04438951e-21, 3.80548688e-11, 1.49489955e-01, 1.49489955e-01,
        1.49489955e-01, 1.75765067e-11, 1.75765067e-11, 1.83843378e-01,
        1.83843378e-01, 1.83843378e-01],
       [3.80548688e-11, 4.75685860e-21, 1.86862444e-01, 1.86862444e-01,
        1.86862444e-01, 2.19706334e-01, 2.19706334e-01, 2.29804223e-11,
        2.29804223e-11, 2.29804223e-11],
       [1.49489955e-01, 1.86862444e-01, 7.34046897e-02, 7.34046897e-02,
        7.34046897e-02, 8.63066699e-02, 8.63066699e-02, 9.02733973e-02,
        9.02733973e-02, 9.02733973e-02],
